170
0 352 576
0 416 576
0 480 576
0 544 576
0 608 576
0 672 576
0 736 576
0 800 576
0 864 576
0 928 576
0 992 576
0 1056 576
0 1120 576
0 1184 576
0 1248 576
0 1312 576
0 1376 576
0 1440 576
0 352 608
0 352 640
0 352 672
0 352 704
0 352 736
0 352 768
0 352 800
0 352 832
0 352 864
0 352 896
0 1440 608
0 1440 640
0 1440 672
0 1440 704
0 1440 736
0 1440 768
0 1440 800
0 1440 832
0 1440 864
0 1440 896
0 1376 896
0 1312 896
0 1248 896
0 1184 896
0 1120 896
0 1056 896
0 992 896
0 928 896
0 864 896
0 800 896
0 736 896
0 672 896
0 608 896
0 544 896
0 480 896
0 416 896
1 416 608
1 416 640
1 480 640
1 480 608
2 544 608
2 608 608
2 672 608
2 608 640
3 736 640
3 736 608
3 800 608
3 864 608
4 800 640
4 864 640
4 928 640
4 928 608
5 992 608
5 1056 608
5 1120 608
5 1184 608
0 1312 608
0 1248 608
0 1248 640
0 1184 640
1 1120 640
1 1120 672
1 1184 672
1 1248 672
3 1056 640
3 992 640
3 992 672
3 1056 672
5 928 672
5 864 672
5 800 672
5 864 704
0 672 640
0 672 672
0 672 704
0 672 736
4 608 672
4 544 672
4 544 640
4 480 672
5 416 672
5 416 704
5 480 704
5 544 704
3 608 704
3 608 736
3 608 768
3 672 768
2 544 768
2 544 736
2 480 736
2 480 768
1 416 736
1 416 768
1 416 800
1 480 800
2 1312 640
2 1312 672
2 1312 704
2 1248 704
4 736 672
4 736 704
4 736 736
4 800 704
2 800 736
2 800 768
2 736 768
2 736 800
1 864 736
1 928 736
1 928 704
1 992 704
0 1056 704
0 1056 736
0 1056 768
0 1120 736
4 1120 704
4 1184 704
4 1184 736
4 1248 736
5 1312 736
5 1312 768
5 1248 768
5 1184 768
4 1312 832
4 1312 800
4 1248 800
4 1184 800
3 1184 832
3 1120 832
3 1120 800
3 1120 768
5 1056 800
5 992 800
5 992 768
5 992 736
4 928 768
4 928 800
4 864 800
4 864 768
0 544 800
0 608 800
0 672 800
0 608 832
1 800 800
1 800 832
1 864 832
1 928 832
1 1376 800
1 1376 768
1 1376 736
1 1376 704
