90
0 160 896
0 160 864
0 160 832
0 160 800
0 160 768
0 160 736
0 160 704
0 160 672
0 288 704
0 320 736
0 288 768
0 224 784
0 288 800
0 320 832
0 288 864
0 224 896
0 224 672
1 416 896
1 416 864
1 416 832
1 416 800
1 416 768
1 416 736
1 416 704
1 416 672
1 480 896
1 544 864
1 576 832
1 544 800
1 480 784
1 480 752
1 544 736
1 576 704
1 576 672
2 672 896
2 736 896
2 800 896
2 736 864
2 736 832
2 736 800
2 736 768
2 736 736
2 736 704
2 672 672
2 736 672
2 800 672
3 1024 896
3 960 896
3 928 864
3 928 832
3 928 800
3 928 768
3 928 736
3 928 704
3 960 672
3 1024 672
4 1152 896
4 1152 864
4 1152 832
4 1152 800
4 1152 768
4 1152 736
4 1152 704
4 1152 672
4 1216 800
4 1248 832
4 1280 864
4 1280 896
4 1248 768
4 1280 736
4 1312 704
4 1312 672
5 1504 896
5 1504 864
5 1504 832
5 1504 800
5 1504 768
5 1504 736
5 1504 704
5 1504 672
5 1568 672
5 1632 704
5 1664 736
5 1632 768
5 1632 800
5 1568 784
5 1664 832
5 1632 864
5 1568 896
5 1408 800
