93
4 256 928
4 320 928
4 384 928
4 224 896
4 288 896
4 352 896
4 416 896
4 192 864
4 256 864
4 320 864
4 384 864
4 448 864
4 192 832
4 192 800
4 256 800
4 320 800
4 320 832
4 384 800
4 448 800
4 448 832
4 320 768
4 224 768
4 416 768
4 192 736
4 224 704
4 448 736
4 416 704
4 448 672
4 192 672
3 800 928
3 864 928
3 928 928
3 768 896
3 832 896
3 896 896
3 960 896
3 736 864
3 800 864
3 864 864
3 928 864
3 992 864
3 704 832
3 832 832
3 896 832
3 1024 832
3 736 800
3 800 800
3 864 800
3 928 800
3 992 800
3 800 768
3 864 768
3 928 768
3 800 736
3 928 736
3 768 704
3 736 672
3 960 704
3 992 672
1 1376 928
1 1440 928
1 1504 928
1 1344 896
1 1408 896
1 1472 896
1 1536 896
1 1312 864
1 1376 864
1 1440 864
1 1504 864
1 1568 864
1 1312 832
1 1440 832
1 1568 832
1 1312 800
1 1344 768
1 1408 768
1 1472 768
1 1536 768
1 1568 800
1 1440 800
1 1376 736
1 1376 704
1 1376 672
1 1504 736
1 1504 704
1 1504 672
1 1280 704
1 1280 672
1 1312 736
1 1568 736
1 1600 704
1 1600 672
